0.776233 0.052780 1
0.992234 0.087356 1
0.263741 0.131315 1
0.079478 0.109225 1
0.688997 0.983182 1
0.117002 0.434358 1
0.452582 0.721107 1
0.178672 0.928455 1
0.078687 0.245096 1
0.479548 0.980424 1
0.668501 0.145940 1
0.928345 0.242502 1
0.680617 0.404449 1
0.086344 0.521489 1
0.246379 0.430905 1
0.027595 0.099311 1
0.187960 0.191921 1
0.244765 0.448887 1
0.974244 0.898799 1
0.674723 0.194186 1
0.056630 0.889459 1
0.815179 0.212800 1
0.576583 0.963904 1
0.253430 0.270479 1
0.574221 0.731670 1
0.986012 0.282518 1
0.241902 0.019202 1
0.508229 0.768932 1
0.032942 0.771699 1
0.967585 0.608524 1
0.112217 0.268715 1
0.579538 0.272172 1
0.168357 0.217864 1
0.072741 0.433187 1
0.994849 0.045856 1
0.176296 0.947120 1
0.948277 0.083320 1
0.446371 0.608129 1
0.700103 0.664322 1
0.232337 0.653256 1
0.142694 0.274260 1
0.963079 0.117367 1
0.011667 0.564739 1
0.230164 0.119867 1
0.034904 0.892351 1
0.488079 0.487283 1
0.902604 0.634273 1
0.042154 0.597802 1
0.182414 0.986389 1
0.938861 0.984244 1
0.013135 0.736219 1
0.609040 0.162530 1
0.043438 0.492366 1
0.544316 0.460643 1
0.233411 0.562884 1
0.057473 0.574554 1
0.020177 0.744947 1
0.089811 0.164277 1
0.125311 0.160807 1
0.507216 0.176670 1
0.283101 0.171971 1
0.913993 0.021233 1
0.043893 0.613601 1
0.667522 0.823192 1
0.020939 0.652276 1
0.758145 0.851388 1
0.133486 0.404899 1
0.107878 0.078982 1
0.108496 0.781716 1
0.228029 0.827311 1
0.175280 0.246435 1
0.603531 0.409919 1
0.782815 0.158307 1
0.194352 0.883859 1
0.030429 0.235473 1
0.869340 0.561219 1
0.753825 0.699449 1
0.212480 0.170730 1
0.171192 0.614782 1
0.760804 0.273458 1
0.536054 0.270044 1
0.091701 0.179483 1
0.173480 0.065240 1
0.082700 0.521237 1
0.105716 0.235152 1
0.142846 0.711256 1
0.230880 0.857152 1
0.523389 0.096892 1
0.479535 0.405487 1
0.269522 0.159772 1
0.717289 0.724409 1
0.552596 0.400440 1
0.084440 0.689927 1
0.399926 0.516839 1
0.692481 0.601610 1
0.107022 0.265457 1
0.526651 0.728801 1
0.666836 0.230760 1
0.444132 0.477038 1
0.066293 0.683866 1
0.448270 0.678506 1
0.645479 0.725205 1
0.098707 0.251796 1
0.224508 0.251088 1
0.614724 0.026261 1
0.930287 0.175039 1
0.867174 0.524730 1
0.508423 0.132987 1
0.503180 0.102066 1
0.445267 0.941763 1
0.937850 0.822443 1
0.228721 0.736212 1
0.829662 0.681010 1
0.278549 0.235741 1
0.125122 0.646731 1
0.992215 0.042388 1
0.011169 0.916144 1
0.050663 0.704754 1
0.922604 0.080745 1
0.280242 0.096945 1
0.160466 0.159847 1
0.027923 0.499076 1
0.644669 0.982687 1
0.928897 0.945016 1
0.585945 0.503550 1
0.025449 0.066564 1
0.509612 0.406899 1
0.477424 0.830645 1
0.109108 0.160396 1
0.781238 0.162115 1
0.663017 0.848683 1
0.451172 0.963676 1
0.998962 0.108803 1
0.007424 0.932287 1
0.069509 0.074641 1
0.768271 0.585067 1
0.912484 0.218303 1
0.280327 0.087151 1
0.140047 0.257140 1
0.667985 0.141928 1
0.209693 0.137564 1
0.070600 0.895396 1
0.130979 0.467453 1
0.055459 0.074339 1
0.956630 0.102412 1
0.078592 0.141497 1
0.909932 0.512858 1
0.055259 0.281562 1
0.062010 0.988783 1
0.972962 0.010888 1
0.981558 0.034299 1
0.156427 0.252873 1
0.145557 0.696066 1
0.671603 0.880546 1
0.920944 0.044755 1
0.112902 0.985938 1
0.661968 0.059660 1
0.655251 0.919636 1
0.422648 0.491385 1
0.667669 0.061948 1
0.268012 0.509686 1
0.041423 0.877859 1
0.474305 0.256393 1
0.682478 0.910953 1
0.174427 0.480912 1
0.930987 0.454462 1
0.498195 0.910211 1
0.650772 0.259778 1
0.696729 0.200931 1
0.168060 0.027811 1
0.660185 0.043262 1
0.105743 0.560230 1
0.263256 0.004833 1
0.111471 0.865921 1
0.153479 0.086369 1
0.029237 0.708837 1
0.094982 0.081416 1
0.819635 0.001363 1
0.656846 0.390036 1
0.093423 0.421842 1
0.268414 0.935947 1
0.397570 0.390510 1
0.938618 0.925786 1
0.019701 0.120600 1
0.837721 0.049780 1
0.228753 0.222444 1
0.634735 0.138855 1
0.730987 0.513360 1
0.150771 0.196940 1
0.120450 0.433263 1
0.107781 0.843247 1
0.026363 0.030167 1
0.790218 0.162484 1
0.464655 0.079179 1
0.961484 0.703106 1
0.567904 0.634938 1
0.597954 0.243018 1
0.200317 0.169010 1
0.099708 0.454306 1
0.838579 0.273508 1
0.128225 0.415624 1
0.162821 0.277308 1
0.559578 0.998642 1
0.242821 0.035832 1
0.053456 0.887527 1
0.504088 0.738924 1
0.111624 0.177297 1
0.719987 0.003802 1
0.027345 0.238044 1
0.955855 0.432697 1
0.097678 0.568150 1
0.619394 0.553043 1
0.655649 0.150262 1
0.077223 0.416167 1
0.402103 0.135882 1
0.130416 0.600243 1
0.086232 0.149285 1
0.076566 0.234999 1
0.538099 0.157086 1
0.744283 0.707231 1
0.185929 0.510656 1
0.899705 0.192108 1
0.394279 0.463218 1
0.649942 0.136386 1
0.250707 0.167388 1
0.083694 0.214047 1
0.444432 0.176582 1
0.571586 0.227986 1
0.254287 0.242670 1
0.446697 0.248139 1
0.104422 0.602486 1
0.826590 0.097549 1
0.119531 0.257755 1
0.832070 0.257127 1
0.800495 0.128490 1
0.402915 0.268531 1
0.399882 0.681080 1
0.458678 0.678604 1
0.073006 0.998888 1
0.622895 0.828875 1
0.019177 0.894855 1
0.604317 0.130516 1
0.121649 0.255156 1
0.740386 0.151666 1
0.273321 0.254165 1
0.548582 0.022576 1
0.751253 0.808582 1
0.511538 0.222533 1
0.390321 0.195374 1
0.618567 0.438126 1
0.172050 0.123876 1
0.138119 0.579632 1
0.451183 0.262560 1
0.439740 0.759686 1
0.011388 0.089439 1
0.141141 0.177053 1
0.430960 0.495724 1
0.446579 0.282693 1
0.134136 0.486452 1
0.058197 0.541567 1
0.936306 0.994206 1
0.518107 0.839958 1
0.577150 0.258221 1
0.971295 0.600564 1
0.946151 0.260457 1
0.819092 0.167359 1
0.241688 0.841735 1
0.210011 0.253186 1
0.399706 0.992807 1
0.012608 0.006994 1
0.275445 0.135065 1
0.791555 0.143451 1
0.124776 0.202227 1
0.237683 0.063062 1
0.471036 0.980836 1
0.147618 0.082838 1
0.138062 0.923412 1
0.273488 0.235544 1
0.511943 0.180147 1
0.022183 0.258681 1
0.207941 0.093549 1
0.503280 0.394338 1
0.616372 0.853887 1
0.097378 0.639468 1
0.143502 0.840586 1
0.209329 0.081191 1
0.019945 0.720142 1
0.169172 0.533694 1
0.138555 0.161920 1
0.068505 0.035689 1
0.556014 0.108649 1
0.129850 0.062299 1
0.586454 0.603226 1
0.920855 0.077810 1
0.279184 0.682979 1
0.671945 0.043892 1
0.862903 0.239065 1
0.132037 0.981136 1
0.925667 0.823538 1
0.930779 0.480904 1
0.940747 0.242793 1
0.199024 0.108416 1
0.228514 0.136358 1
0.203812 0.264788 1
0.792950 0.672688 1
0.196382 0.081731 1
0.260115 0.004056 1
0.429292 0.542579 1
0.011676 0.997880 1
0.018181 0.088540 1
0.181885 0.013497 1
0.082011 0.708005 1
0.833225 0.227574 1
0.918068 0.461773 1
0.266593 0.253929 1
0.208525 0.561745 1
0.390202 0.508257 1
0.450560 0.409233 1
0.179506 0.404539 1
0.425333 0.932323 1
0.866096 0.141168 1
0.666967 0.272253 1
0.663038 0.470098 1
0.236202 0.748201 1
0.869256 0.577188 1
0.065973 0.116684 1
0.548506 0.857127 1
0.921624 0.003001 1
0.185692 0.938459 1
0.240416 0.995095 1
0.872425 0.524109 1
0.424528 0.024979 1
0.257589 0.111339 1
0.121169 0.497178 1
0.849037 0.025905 1
0.142290 0.668020 1
0.030615 0.110578 1
0.036614 0.209240 1
0.225728 0.740407 1
0.427812 0.138376 1
0.571107 0.045022 1
0.104167 0.623680 1
0.156979 0.039565 1
0.500797 0.043992 1
0.146081 0.145441 1
0.163723 0.174838 1
0.268708 0.790503 1
0.153650 0.529453 1
0.580060 0.610054 1
0.053791 0.667200 1
0.962429 0.170643 1
0.617019 0.773854 1
0.632905 0.165953 1
0.910575 0.859978 1
0.965417 0.194450 1
0.889581 0.615270 1
0.280571 0.668704 1
0.156382 0.260513 1
0.014571 0.718492 0
0.985189 0.960137 0
0.437178 0.825781 0
0.392310 0.386569 0
0.683044 0.944066 0
0.430082 0.972750 0
0.652686 0.806369 0
0.891726 0.579013 0
0.610534 0.011825 0
0.395807 0.668911 0
0.696642 0.923914 0
0.606118 0.083636 0
0.835272 0.034814 0
0.996007 0.460991 0
0.892037 0.916034 0
0.942646 0.415115 0
0.390091 0.856400 0
0.948700 0.973703 0
0.841529 0.740374 0
0.952172 0.917488 0
0.535382 0.387494 0
0.530267 0.970008 0
0.543885 0.888293 0
0.272040 0.556085 0
0.870446 0.915340 0
0.912407 0.671996 0
0.923748 0.905467 0
0.745178 0.904910 0
0.245910 0.741353 0
0.507352 0.799396 0
0.529268 0.999783 0
0.464115 0.709467 0
0.625585 0.916760 0
0.487743 0.834616 0
0.089206 0.708422 0
0.132533 0.585064 0
0.502202 0.959725 0
0.095236 0.720546 0
0.455394 0.777254 0
0.836303 0.592975 0
0.790967 0.687720 0
0.008377 0.012504 0
0.765838 0.236191 0
0.892506 0.833202 0
0.891041 0.602975 0
0.851858 0.447542 0
0.671549 0.789564 0
0.731285 0.824924 0
0.545723 0.391338 0
0.087798 0.179621 0
0.505278 0.712392 0
0.150086 0.913176 0
0.130398 0.470101 0
0.109763 0.677323 0
0.810363 0.265093 0
0.923923 0.584979 0
0.914156 0.637284 0
0.420479 0.596881 0
0.787962 0.985663 0
0.977662 0.543481 0
0.166213 0.956630 0
0.644730 0.890470 0
0.006028 0.469435 0
0.825208 0.794784 0
0.626921 0.769371 0
0.613471 0.839777 0
0.525254 0.739471 0
0.853432 0.509788 0
0.791715 0.817041 0
0.765308 0.761262 0
0.689114 0.498096 0
0.763257 0.815234 0
0.408395 0.481571 0
0.862897 0.184077 0
0.530956 0.870776 0
0.665930 0.939827 0
0.507292 0.946835 0
0.387821 0.520147 0
0.636346 0.045776 0
0.177554 0.265314 0
0.995611 0.734030 0
0.471397 0.611937 0
0.164257 0.500186 0
0.762991 0.843067 0
0.075996 0.047138 0
0.415027 0.399305 0
0.928684 0.551061 0
0.704878 0.672255 0
0.516445 0.641632 0
0.857575 0.482271 0
0.755040 0.471710 0
0.442383 0.863953 0
0.070084 0.457473 0
0.927424 0.050274 0
0.871096 0.660427 0
0.975378 0.877328 0
0.106398 0.946958 0
0.678823 0.924519 0
0.984452 0.568473 0
0.998634 0.696142 0
0.150184 0.811633 0
0.682081 0.621183 0
0.667002 0.933789 0
0.512524 0.453594 0
0.045781 0.835032 0
0.403054 0.907415 0
0.957226 0.981399 0
0.022064 0.073381 0
0.113225 0.988597 0
0.604044 0.062848 0
0.419498 0.103158 0
0.846899 0.448046 0
0.527072 0.677976 0
0.992176 0.938002 0
0.779447 0.199179 0
0.840959 0.018093 0
0.128354 0.424850 0
0.912198 0.999075 0
0.510887 0.861793 0
0.957813 0.657249 0
0.666485 0.966599 0
0.492505 0.784262 0
0.460230 0.661048 0
0.562980 0.415744 0
0.545958 0.609727 0
0.723778 0.021517 0
0.425189 0.859624 0
0.383803 0.405512 0
0.964903 0.097256 0
0.074076 0.828854 0
0.923446 0.750050 0
0.577645 0.994735 0
0.450979 0.471204 0
0.726849 0.395516 0
0.653455 0.894683 0
0.698484 0.593087 0
0.837484 0.643211 0
0.571735 0.822014 0
0.620426 0.469799 0
0.517317 0.035496 0
0.469131 0.703544 0
0.550620 0.657776 0
0.098299 0.389274 0
0.948472 0.691635 0
0.142643 0.504893 0
0.423040 0.849956 0
0.695827 0.470821 0
0.637881 0.577045 0
0.761870 0.571888 0
0.043716 0.256789 0
0.593547 0.811871 0
0.690570 0.939089 0
0.514155 0.228625 0
0.918904 0.809287 0
0.820406 0.099427 0
0.403638 0.492573 0
0.385411 0.895905 0
0.408188 0.456716 0
0.711470 0.510392 0
0.732353 0.436715 0
0.458876 0.009279 0
0.100665 0.241031 0
0.107425 0.165473 0
0.915206 0.967459 0
0.960216 0.603831 0
0.873304 0.774561 0
0.752747 0.446917 0
0.394715 0.831949 0
0.154009 0.887812 0
0.383752 0.558719 0
0.029363 0.828639 0
0.945157 0.646648 0
0.640899 0.673416 0
0.151630 0.918769 0
0.990985 0.483802 0
0.983569 0.846868 0
0.596515 0.695801 0
0.663564 0.420550 0
0.797603 0.259486 0
0.665487 0.696100 0
0.741164 0.780512 0
0.074796 0.249510 0
0.583996 0.581046 0
0.495762 0.800266 0
0.841138 0.608128 0
0.076012 0.856681 0
0.450088 0.387688 0
0.459000 0.712525 0
0.792497 0.419687 0
0.847996 0.450422 0
0.873931 0.657634 0
0.647284 0.533740 0
0.693086 0.669528 0
0.984797 0.184585 0
0.561227 0.804556 0
0.611033 0.882934 0
0.870666 0.828476 0
0.959104 0.472503 0
0.602365 0.926851 0
0.542542 0.559367 0
0.828152 0.427263 0
0.772486 0.758927 0
0.439630 0.577408 0
0.514444 0.225943 0
0.602515 0.788214 0
0.720237 0.162941 0
0.963491 0.580352 0
0.720059 0.449374 0
0.420024 0.271868 0
0.761311 0.670059 0
0.631831 0.655893 0
0.731784 0.410053 0
0.499261 0.805777 0
0.201319 0.552934 0
0.279316 0.947287 0
0.457908 0.583398 0
0.673398 0.803880 0
0.259027 0.888742 0
0.502455 0.815849 0
0.509540 0.690347 0
0.989793 0.448762 0
0.593824 0.544558 0
0.203473 0.110059 0
0.998508 0.770752 0
0.970604 0.202497 0
0.813873 0.871172 0
0.401974 0.727229 0
0.431761 0.838076 0
0.991284 0.618837 0
0.474588 0.826072 0
0.445115 0.828765 0
0.664744 0.825930 0
0.869194 0.677587 0
0.157836 0.786128 0
0.553333 0.388973 0
0.547190 0.967670 0
0.269384 0.492932 0
0.261194 0.970514 0
0.840846 0.716389 0
0.596556 0.805279 0
0.522233 0.650422 0
0.586386 0.947478 0
0.686727 0.514648 0
0.731524 0.738065 0
0.595747 0.714957 0
0.562051 0.540872 0
0.485938 0.935182 0
0.887017 0.015965 0
0.608932 0.979084 0
0.931245 0.854874 0
0.938978 0.633444 0
0.963554 0.680217 0
0.943329 0.167245 0
0.466756 0.966695 0
0.590179 0.992547 0
0.733061 0.607434 0
0.712463 0.634529 0
0.385201 0.416495 0
0.690616 0.007238 0
0.989793 0.122689 0
0.474072 0.690845 0
0.606204 0.094180 0
0.553500 0.993734 0
0.439453 0.569749 0
0.486779 0.664173 0
0.611292 0.159531 0
0.004909 0.893100 0
0.197356 0.507673 0
0.964980 0.987731 0
0.780623 0.565549 0
0.593469 0.991644 0
0.930543 0.428010 0
0.796314 0.390720 0
0.980966 0.040373 0
0.282048 0.859595 0
0.646444 0.038936 0
0.741436 0.097575 0
0.529472 0.051350 0
0.794944 0.390763 0
0.108411 0.677380 0
0.949023 0.655349 0
0.819379 0.535939 0
0.555660 0.775599 0
0.712279 0.835191 0
0.623437 0.027133 0
0.964245 0.951895 0
0.562831 0.016774 0
0.564442 0.717511 0
0.458222 0.429246 0
0.386127 0.564641 0
0.962323 0.656191 0
0.547147 0.790688 0
0.427026 0.499495 0
0.892876 0.469330 0
0.572493 0.396768 0
0.569052 0.609817 0
0.978701 0.594132 0
0.614320 0.800482 0
0.238964 0.460022 0
0.451430 0.797017 0
0.807047 0.543075 0
0.498588 0.706993 0
0.502706 0.546343 0
0.228344 0.023780 0
0.201389 0.841638 0
0.769309 0.864782 0
0.454971 0.187059 0
0.419003 0.443878 0
0.738947 0.210500 0
0.259342 0.659607 0
0.437976 0.739004 0
0.780801 0.919170 0
0.873472 0.748390 0
0.767619 0.444695 0
0.417169 0.761076 0
0.782688 0.621438 0
0.871242 0.153822 0
0.847332 0.391155 0
0.246206 0.855195 0
0.419620 0.572495 0
0.677441 0.202504 0
0.663534 0.732570 0
0.700831 0.671868 0
0.480107 0.530315 0
0.986492 0.279550 0
0.601950 0.883642 0
0.992370 0.515145 0
0.894676 0.553441 0
0.776267 0.203387 0
0.596523 0.650636 0
0.601220 0.830049 0
0.580089 0.072731 0
0.219939 0.260833 0
0.821234 0.583455 0
0.137020 0.644182 0
0.018791 0.620691 0
0.392777 0.841006 0
0.443124 0.846230 0
0.753955 0.408294 0
0.226583 0.781209 0
0.078800 0.237623 0
0.427484 0.747636 0
0.451729 0.710455 0
0.830970 0.946762 0
0.397363 0.696322 0
0.457460 0.888939 0
0.397189 0.659731 0
0.981379 0.945410 0
0.621066 0.854775 0
0.554672 0.384386 0
0.166001 0.572635 0
0.437472 0.584157 0
0.671821 0.798869 0
0.251365 0.023099 0
0.680296 0.816199 0
0.431482 0.733762 0
0.500240 0.734530 0
0.433931 0.488239 0
0.596640 0.848605 0
0.635228 0.591565 0
0.451127 0.546656 0
0.457498 0.934834 0
0.626716 0.695139 0
0.402187 0.828934 0
0.259469 0.870494 0
0.516864 0.756011 0
0.833220 0.250754 0
0.634296 0.787407 0
0.899275 0.225579 0
0.731971 0.767712 0
0.770172 0.516454 0
0.697174 0.846502 0
0.712913 0.759547 0
0.829035 0.128103 0
0.134946 0.422290 0
0.538086 0.558842 0
0.912485 0.925993 0
0.215899 0.521574 0
0.591325 0.412273 0
0.260639 0.688904 0
0.779214 0.679275 0
0.842006 0.941833 0
0.438963 0.667466 0
0.807088 0.824056 0
0.430081 0.800657 0
0.167701 0.214892 0
0.207782 0.125885 0
0.122083 0.628649 0
0.876253 0.481193 0
0.779415 0.446550 0
0.438729 0.871066 0
0.894179 0.757368 0
0.725660 0.202780 0
0.744999 0.951209 0
0.826390 0.117079 0
0.753106 0.901760 0
0.462227 0.410197 0
0.991555 0.039670 0
0.463447 0.473070 0
0.875043 0.467472 0
0.452310 0.819242 0
0.407082 0.435110 0
0.950549 0.771163 0
0.164209 0.501889 0
0.736037 0.758572 0
0.525231 0.205033 0
0.117324 0.808136 0
0.749005 0.885869 0
0.391797 0.724578 0
0.785171 0.027660 0
0.657386 0.743166 0
0.988171 0.823534 0
0.753605 0.510557 0
0.766764 0.655089 0
0.810059 0.439242 0
0.785632 0.876938 0
0.511981 0.873624 0
0.879819 0.784676 0
0.014515 0.916050 0
0.810778 0.779590 0
0.475617 0.725149 0
0.817988 0.755182 0
0.717239 0.753458 0
0.977809 0.632130 0
0.581466 0.865185 0
0.438778 0.732602 0
0.997305 0.848226 0
0.966311 0.410003 0
0.031440 0.449370 0
0.708690 0.742819 0
0.142726 0.700869 0
0.735499 0.889702 0
0.972174 0.626612 0
0.044564 0.927805 0
0.719586 0.961606 0
0.851021 0.758036 0
0.898217 0.653748 0
0.712692 0.046508 0
0.749223 0.152930 0
0.448371 0.632476 0
0.454501 0.445318 0
0.740227 0.056937 0
0.864346 0.546783 0
0.444867 0.387597 0
0.932700 0.875138 0
0.541090 0.555108 0
0.988755 0.194709 0
0.263414 0.974600 0
0.733660 0.835736 0
